3 0.000000
13 0.000001
23 0.000001
33 0.000001
43 0.000000
53 0.000001
63 0.000001
73 0.000000
83 0.000001
93 0.000001
103 0.000000
113 0.000001
123 0.000000
133 0.000001
143 0.000000
153 0.000001
163 0.000000
173 0.000001
183 0.000000
193 0.000001
203 0.000001
213 0.000000
223 0.000001
233 0.000000
243 0.000001
253 0.000000
263 0.000000
273 0.000001
283 0.000000
293 0.000001
303 0.000001
313 0.000001
323 0.000001
333 0.000000
343 0.000001
353 0.000000
363 0.000001
373 0.000000
383 0.000001
393 0.000000
403 0.000001
413 0.000000
423 0.000000
433 0.000001
443 0.000001
453 0.000001
463 0.000000
473 0.000000
483 0.000000
493 0.000000
503 0.000000
513 0.000000
523 0.000001
533 0.000001
543 0.000000
553 0.000000
563 0.000000
573 0.000000
583 0.000001
593 0.000001
603 0.000001
613 0.000000
623 0.000000
633 0.000000
643 0.000000
653 0.000000
663 0.000000
673 0.000001
683 0.000001
693 0.000001
703 0.000000
713 0.000000
723 0.000000
733 0.000000
743 0.000000
753 0.000001
763 0.000001
773 0.000001
783 0.000001
793 0.000000
803 0.000000
813 0.000000
823 0.000000
833 0.000000
843 0.000001
853 0.000001
863 0.000001
873 0.000000
883 0.000000
893 0.000000
903 0.000000
913 0.000000
923 0.000001
933 0.000001
943 0.000001
953 0.000000
963 0.000000
973 0.000000
983 0.000001
993 0.000000
1003 0.000001
1013 0.000000
1023 0.000001
1033 0.000000
1043 0.000001
1053 0.000001
1063 0.000000
1073 0.000001
1083 0.000000
1093 0.000001
1103 0.000000
1113 0.000001
1123 0.000000
1133 0.000001
1143 0.000000
1153 0.000001
1163 0.000001
1173 0.000001
1183 0.000001
1193 0.000000
1203 0.000001
1213 0.000000
1223 0.000001
1233 0.000000
1243 0.000001
1253 0.000001
1263 0.000000
1273 0.000000
1283 0.000000
1293 0.000000
1303 0.000000
1313 0.000001
1323 0.000001
1333 0.000001
1343 0.000000
1353 0.000000
1363 0.000000
1373 0.000000
1383 0.000001
1393 0.000001
1403 0.000001
1413 0.000000
1423 0.000000
1433 0.000000
1443 0.000000
1453 0.000000
1463 0.000001
1473 0.000001
1483 0.000001
1493 0.000000
1503 0.000000
1513 0.000000
1523 0.000000
1533 0.000001
1543 0.000001
1553 0.000000
1563 0.000000
1573 0.000000
1583 0.000000
1593 0.000001
1603 0.000001
1613 0.000001
1623 0.000000
1633 0.000000
1643 0.000000
1653 0.000000
1663 0.000001
1673 0.000001
1683 0.000001
1693 0.000000
1703 0.000000
1713 0.000000
1723 0.000000
1733 0.000000
1743 0.000001
1753 0.000001
1763 0.000000
1773 0.000000
1783 0.000000
1793 0.000000
1803 0.000001
1813 0.000001
1823 0.000001
1833 0.000000
1843 0.000001
1853 0.000000
1863 0.000000
1873 0.000001
1883 0.000000
1893 0.000001
1903 0.000000
1913 0.000001
1923 0.000001
1933 0.000000
1943 0.000001
1953 0.000000
1963 0.000001
1973 0.000000
1983 0.000001
1993 0.000000
