3 0.000002
13 0.000001
23 0.000001
33 0.000000
43 0.000001
53 0.000001
63 0.000001
73 0.000001
83 0.000000
93 0.000001
103 0.000001
113 0.000001
123 0.000001
133 0.000001
143 0.000001
153 0.000001
163 0.000001
173 0.000001
183 0.000002
193 0.000001
203 0.000001
213 0.000002
223 0.000001
233 0.000002
243 0.000002
253 0.000001
263 0.000002
273 0.000002
283 0.000001
293 0.000002
303 0.000002
313 0.000002
323 0.000002
333 0.000002
343 0.000002
353 0.000003
363 0.000002
373 0.000003
383 0.000002
393 0.000002
403 0.000003
413 0.000002
423 0.000003
433 0.000002
443 0.000003
453 0.000003
463 0.000003
473 0.000002
483 0.000003
493 0.000002
503 0.000003
513 0.000002
523 0.000003
533 0.000002
543 0.000003
553 0.000003
563 0.000003
573 0.000003
583 0.000003
593 0.000003
603 0.000004
613 0.000004
623 0.000004
633 0.000004
643 0.000003
653 0.000010
663 0.000003
673 0.000003
683 0.000004
693 0.000003
703 0.000004
713 0.000004
723 0.000004
733 0.000004
743 0.000004
753 0.000004
763 0.000004
773 0.000004
783 0.000004
793 0.000004
803 0.000005
813 0.000005
823 0.000005
833 0.000005
843 0.000005
853 0.000004
863 0.000004
873 0.000005
883 0.000005
893 0.000004
903 0.000005
913 0.000005
923 0.000005
933 0.000005
943 0.000005
953 0.000005
963 0.000005
973 0.000005
983 0.000006
993 0.000005
1003 0.000005
1013 0.000005
1023 0.000005
1033 0.000005
1043 0.000005
1053 0.000006
1063 0.000006
1073 0.000006
1083 0.000005
1093 0.000006
1103 0.000006
1113 0.000005
1123 0.000006
1133 0.000006
1143 0.000006
1153 0.000005
1163 0.000006
1173 0.000006
1183 0.000007
1193 0.000006
1203 0.000006
1213 0.000006
1223 0.000006
1233 0.000006
1243 0.000006
1253 0.000006
1263 0.000007
1273 0.000007
1283 0.000006
1293 0.000007
1303 0.000007
1313 0.000007
1323 0.000006
1333 0.000007
1343 0.000006
1353 0.000007
1363 0.000007
1373 0.000007
1383 0.000007
1393 0.000007
1403 0.000007
1413 0.000008
1423 0.000008
1433 0.000008
1443 0.000008
1453 0.000008
1463 0.000008
1473 0.000008
1483 0.000007
1493 0.000007
1503 0.000008
1513 0.000008
1523 0.000008
1533 0.000008
1543 0.000007
1553 0.000008
1563 0.000008
1573 0.000008
1583 0.000008
1593 0.000008
1603 0.000009
1613 0.000009
1623 0.000009
1633 0.000008
1643 0.000008
1653 0.000009
1663 0.000009
1673 0.000009
1683 0.000009
1693 0.000008
1703 0.000008
1713 0.000009
1723 0.000009
1733 0.000009
1743 0.000009
1753 0.000009
1763 0.000009
1773 0.000009
1783 0.000008
1793 0.000009
1803 0.000009
1813 0.000009
1823 0.000010
1833 0.000010
1843 0.000009
1853 0.000009
1863 0.000010
1873 0.000010
1883 0.000010
1893 0.000009
1903 0.000010
1913 0.000010
1923 0.000010
1933 0.000009
1943 0.000010
1953 0.000009
1963 0.000010
1973 0.000010
1983 0.000015
1993 0.000010
